% %%% Initial conditions %%%%%%%%%%%%%%%%%%%%%%%%%%%%%%%%%%%%%%%%%%%%%%%%%%%%
% 
% p1  = 99272.2841101925;       % pressure tank1
% p2  =  134706.764623233;  % pressure tank2
% omega_comp =  3498.89032123797;     % compressor speed
% p_ratio =  1.35693881502188;    % pressure ratio
% m_comp = 0.535142646408313;       % mass flow
% m_rec = 0;         % recycle valve opening
% 
% %%%%%%%%%%%%%%%%%%%%%%%%%%%%%%%%%%%%%%%%%%%%%%%%%%%%%%%%%%%%%%%%%%%%%%%%%%%
%
% Xinit=[p1 p2 m_comp p_ratio omega_comp m_rec]';

X1 = [97725.7043981493
      163591.997500751
      0.603087715521818
      1.67399149058099
      3634.85025998624
      0];

X2 = X1;
X3 = X1;
 % X2=[  100707.856311854
 %          194429.835443639
 %          67.3168225700676
 %          659.412804484959
 %     2.15031718632989e-164];
 % 
 % X3=[      100917.196995612
 %          192506.724450173
 %          65.6546809524949
 %          676.106777398912
 %     2.11140404831723e-164];
